174.89632336 102.058334428 108.913495396 model
172.84116905 103.049498208 108.966427093 model
170.890636693 100.558950245 107.592983317 model
179.13831542 103.314301178 110.781433191 model
178.046132302 108.674122974 106.016685241 model
170.380126798 93.9541782782 107.19994444 model
170.301207677 102.527574102 106.544676207 model
171.358855533 94.5357794347 105.956954737 model
174.424120622 105.556032745 105.002817897 model
175.517399207 91.1714087773 109.692241606 model
170.188029021 98.9220363574 108.01462358 model
173.099118015 104.451266664 110.270389356 model
173.282190375 93.793292808 108.717690513 model
175.37960228 100.137889502 105.882451845 model
179.351445331 99.3053614929 107.96443214 model
177.977177928 104.761102029 108.142619021 model
179.238323918 109.019937069 107.126248107 model
176.285210235 95.3223396205 110.28759658 model
179.836389193 105.115224339 107.909643285 model
174.531093326 101.91037198 108.206930542 model
177.389160566 104.784738087 108.29871938 model
175.602724194 105.246132692 110.953833872 model
177.168209482 93.5607687136 105.001273994 model
175.234108973 96.6151164538 109.458120143 model
175.096793354 105.039607883 110.840651385 model
176.343928266 92.2936170024 110.518649137 model
175.124131309 105.585610463 110.223437592 model
176.040642969 98.1827862433 108.835429042 model
173.617175689 95.0184286368 105.66552841 model
172.525457573 100.331063887 109.332745624 model
170.763297852 92.4007831514 110.103048328 model
173.784646851 94.9858587344 105.534227022 model
172.996525168 97.001855151 107.17294714 model
173.871421007 97.6609159011 110.665527853 model
173.448185275 108.496148698 106.509023309 model
176.303642953 107.643775779 108.238383919 model
174.88284592 97.2216212441 110.915968226 model
174.304207898 106.191789802 107.693276464 model
174.317292725 91.4257184183 108.099779117 model
179.057198187 104.538175505 105.422211121 model
172.120976132 105.01853981 106.177513017 model
172.217329609 106.810996694 109.289879113 model
179.610252618 109.233873652 107.303100235 model
177.090744481 106.31860018 108.139417904 model
173.199989795 96.1642943802 108.261981539 model
173.282293827 100.933538449 105.096794085 model
170.773076257 100.094808035 106.456484276 model
179.23124825 92.3176492324 110.185090501 model
173.005002386 90.5185141136 106.428429861 model
177.111559713 95.6565941802 106.153306955 model
157.711904522 96.9149480045 98.055364541 lolita
161.148279128 89.6932887101 96.8699379429 lolita
160.730852567 86.155119997 95.2978412491 lolita
155.276064417 92.5269977125 96.6048960691 lolita
161.782468417 88.531371452 96.676957088 lolita
157.93835387 87.8258333842 97.5178127245 lolita
159.932726501 92.4484290873 98.4115541296 lolita
156.632716639 91.5730877426 96.8718464572 lolita
160.101140785 89.4694907577 99.9517203244 lolita
155.504276915 92.9616666877 95.1890157569 lolita
157.258941855 86.9882881398 96.827618933 lolita
160.560522463 93.6509708657 95.2172171795 lolita
158.017851263 85.069813309 96.9740737006 lolita
155.561311266 91.5357569795 95.4668351701 lolita
157.59059747 97.5254826606 95.4137662393 lolita
157.040362211 89.9781602884 98.545695582 lolita
161.847265511 96.4390152791 99.2484729965 lolita
161.832162701 94.4904820735 98.8520892628 lolita
159.688786264 88.242529215 96.5744672926 lolita
159.138579286 92.5152832221 95.8079683945 lolita
160.771157123 86.0779998742 96.3148773185 lolita
161.398182661 91.8949401671 99.5416290139 lolita
161.950466436 93.5454760052 95.5804999879 lolita
161.929327885 95.9765351046 98.728303234 lolita
161.140173062 93.283532097 97.770754873 lolita
156.901059689 90.6285873065 96.4945799189 lolita
157.00626772 95.8716771724 98.7452138097 lolita
157.283249427 85.3542450882 96.53967958 lolita
157.441125567 97.9624893055 98.1894926797 lolita
157.222252738 95.0568052581 97.6017437924 lolita
156.202234122 86.2716475726 96.7062192657 lolita
161.966845514 94.3589749603 96.5381666573 lolita
155.037120242 85.9514816439 97.2982646483 lolita
161.759682835 95.5876267365 95.3682289615 lolita
156.23173023 94.6215889279 98.1083308664 lolita
161.518925261 93.1389309088 96.6987703094 lolita
159.744169789 94.3931835688 96.3250841688 lolita
156.821515968 87.2920953304 97.2946640221 lolita
157.603095091 85.3627690462 98.8379041729 lolita
159.820600417 94.9034458003 99.5312147345 lolita
157.530928245 90.3207348639 98.6309322321 lolita
155.497108287 97.6093678254 98.6444879549 lolita
158.876335879 93.9466569236 99.899518702 lolita
158.222850637 96.9697657783 95.1986111178 lolita
155.523138941 91.4461716126 98.4688101832 lolita
161.412598027 95.9140961302 99.3008291426 lolita
155.214722535 91.9580377047 98.278138412 lolita
161.844377828 86.0778265622 97.2782869248 lolita
156.772854287 97.6650375951 99.5149996645 lolita
160.691477813 89.4984910419 97.2001142915 lolita
164.665869698 87.345954021 102.561700922 common
168.051828334 112.456829954 102.572736804 common
164.917888132 87.2620108225 102.241619541 common
164.771450356 99.6261418129 100.129855725 common
167.487872794 99.1767427946 103.328355398 common
166.654523308 99.8672191352 102.155042766 common
162.508715468 84.9451198462 100.541337395 common
166.517966588 104.658357248 100.129518216 common
163.485972087 110.770579667 103.676461221 common
163.232024235 99.6961180046 100.14068743 common
168.134354148 113.693358922 103.654509988 common
164.527012537 91.0634734571 104.430802686 common
166.862670647 98.6119265902 103.773260915 common
162.140491404 89.7717178733 100.941024518 common
166.553380036 111.059007207 100.070178367 common
165.12973552 110.393619616 104.487378233 common
163.248928087 98.0252433677 100.880713899 common
163.096840141 91.0171233648 101.052687361 common
168.326067495 86.8214910406 102.406187225 common
168.810874165 97.2693716842 100.974877564 common
166.741043227 108.179502895 101.702968037 common
165.956051036 80.2285428602 100.720578377 common
162.602814045 96.0469653594 103.793099437 common
162.55912289 85.473895989 103.466515609 common
168.359314503 91.7499999567 102.871929242 common
168.803799658 105.239249744 101.057357984 common
163.417764128 107.74874174 102.677513944 common
168.550386218 90.0450290693 103.806456801 common
168.444615483 105.379540582 103.858721969 common
167.096390865 80.4229047128 103.688954031 common
167.051599297 112.994791256 102.79371938 common
165.695335282 112.608940492 101.323484449 common
167.398722107 99.857995763 101.754360226 common
166.240664197 81.9279232755 103.860156638 common
167.042191208 94.8646683734 103.270288725 common
167.290529745 101.37944924 100.780085525 common
162.661407962 108.991589833 103.936123934 common
164.543689397 113.449963291 103.136276813 common
164.481680695 95.3358654813 102.763309006 common
163.401801224 92.5122622193 101.31654868 common
163.647315785 109.924345534 102.49887187 common
167.049614779 87.9554099409 103.254315438 common
162.289746632 99.2454256569 101.128709652 common
167.423329778 98.475945916 101.293820505 common
166.931580966 110.521799154 104.394748982 common
166.069137953 98.4057950625 101.167641664 common
166.140398591 105.513087938 103.923526179 common
168.339533241 96.4898967663 101.922434828 common
162.549037289 101.627159599 100.373058433 common
165.505227309 106.361516455 100.340810522 common
